90   57   64   85   89   63   46   76   38   50   
74   82   27   19   61   85   89   19   38   49   
35   73   53   75   97   52   55   34   30   57   
78   41   45   75   20   51   88   14   28   34   
67   17   38   71   27   59   23   55   46   22   
32   39   79   34   99   56   71   15   89   77   
81   20   63   80   66   15   75   44   38   18   
32   16   23   47   22   49   84   53   37   34   
47   64   15   93   79   37   10   64   91   52   
95   51   62   91   98   19   32   61   51   37   
